data = [[0.61204249 0.43907278 0.71082642 0.50046237 0.49654502 0.571198  ]
 [0.61639821 0.43601846 0.71252042 0.5005689  0.49640485 0.57090007]
 [0.6181526  0.43931233 0.71118941 0.50042686 0.4972178  0.57110862]
 [0.61561176 0.43871344 0.71354889 0.49939711 0.49783451 0.57140655]
 [0.61276845 0.43368281 0.71342789 0.4995569  0.4983391  0.57104903]
 [0.61089306 0.43625802 0.7121574  0.49961016 0.49766632 0.57092986]
 [0.6104091  0.43518002 0.71264141 0.49984097 0.4972178  0.57027442]
 [0.61282894 0.43500036 0.71264141 0.5001783  0.49702157 0.57021483]
 [0.61307093 0.43751567 0.71252042 0.50010729 0.49755419 0.57039359]
 [0.61125604 0.43541958 0.7132464  0.49968118 0.49763829 0.57092986]
 [0.61071158 0.43559924 0.71112891 0.49962797 0.49721778 0.57072139]
 [0.6134944  0.43709645 0.7138514  0.49964573 0.49721778 0.5706618 ]
 [0.61186101 0.43709645 0.71288341 0.49920187 0.49777843 0.57128745]
 [0.61143753 0.43589868 0.71463791 0.49870475 0.4979186  0.57140662]
 [0.61071158 0.43440147 0.71082642 0.4981011  0.49763827 0.57140662]
 [0.61089306 0.42925106 0.71064491 0.49936166 0.49738598 0.57060222]
 [0.6134339  0.43206582 0.71003991 0.50003633 0.49713369 0.57033408]
 [0.61174001 0.43218559 0.71179441 0.49966348 0.49741401 0.57090014]
 [0.6087757  0.43254492 0.71112891 0.49975225 0.49749811 0.57063201]
 [0.60925967 0.43050872 0.7112499  0.50044468 0.49693746 0.57006594]
 [0.61288944 0.43404214 0.7141539  0.50053345 0.496545   0.57003615]
 [0.61415985 0.43242515 0.7124599  0.50003625 0.49718977 0.57051273]
 [0.61288944 0.43500036 0.71191542 0.49989421 0.49727387 0.57090004]
 [0.61258696 0.43074827 0.71173391 0.49966341 0.4974701  0.57081066]
 [0.6119215  0.43416192 0.71082642 0.49984095 0.49766633 0.57110859]
 [0.61125604 0.43272459 0.71137089 0.50007176 0.4972178  0.57078087]
 [0.61222398 0.43314381 0.71167342 0.4998232  0.4974701  0.57098942]
 [0.61125604 0.43140704 0.71058441 0.49976993 0.49775042 0.57104901]
 [0.61046959 0.43086805 0.71034241 0.49998299 0.4973019  0.57072128]
 [0.6119215  0.43218559 0.71106842 0.500054   0.49707764 0.57057232]
 [0.61174001 0.43332348 0.7107659  0.50003625 0.49713371 0.57060211]
 [0.61337341 0.43140704 0.71173391 0.4998232  0.4974701  0.5706617 ]
 [0.61131653 0.43224548 0.7104029  0.50005402 0.49766632 0.5707809 ]
 [0.61077207 0.43200593 0.7127624  0.49991199 0.49732993 0.57063193]
 [0.6103486  0.43458114 0.71233891 0.49962792 0.49749812 0.57104903]
 [0.61077207 0.43050872 0.71252042 0.49950364 0.49755419 0.57104903]
 [0.60938066 0.43242515 0.71064491 0.49982321 0.49752616 0.57098945]
 [0.61161902 0.4321257  0.71233891 0.50000076 0.49710567 0.57081069]
 [0.61167952 0.43176637 0.71203641 0.49992974 0.4972178  0.57122779]
 [0.61155853 0.43128727 0.71118941 0.49996525 0.49780648 0.57098945]
 [0.61016711 0.43002961 0.71149191 0.49992974 0.49744206 0.57084048]
 [0.61004611 0.43248504 0.7123994  0.50032034 0.49724583 0.57063193]
 [0.61204249 0.43092793 0.71264141 0.50001851 0.49707764 0.57066173]
 [0.61053008 0.43248504 0.7120969  0.50005414 0.4973299  0.57078105]
 [0.61119554 0.43284437 0.71149191 0.50014291 0.49738596 0.57069167]
 [0.61077207 0.43140704 0.71070543 0.49994761 0.49735793 0.57090022]
 [0.61053008 0.43278448 0.71252042 0.50019617 0.49718974 0.57075125]
 [0.61107455 0.43254492 0.71227841 0.4999121  0.49735793 0.57069167]
 [0.6102881  0.43242515 0.71179441 0.4997168  0.49704957 0.57119815]
 [0.61046959 0.43308393 0.71366989 0.50003638 0.4971617  0.57104918]
 [0.61204249 0.43086805 0.71197589 0.49978782 0.49738596 0.57066188]
 [0.61053008 0.43278448 0.71112891 0.49989435 0.49766629 0.57078105]
 [0.61137703 0.42979005 0.71227841 0.50000087 0.49735793 0.57024477]
 [0.60986463 0.43272459 0.71179441 0.49982333 0.49730187 0.57072146]
 [0.6119215  0.43062849 0.71366989 0.49975218 0.49758223 0.5706319 ]
 [0.61113504 0.42996972 0.71106842 0.49959239 0.4975542  0.57113838]
 [0.61089306 0.43080816 0.71197589 0.4998232  0.49749813 0.57101921]
 [0.6088967  0.42877195 0.71197589 0.49984095 0.49732993 0.57101921]
 [0.60895719 0.43152682 0.71221789 0.50023155 0.49707764 0.5706617 ]
 [0.61101406 0.43038894 0.7124599  0.49989421 0.49744206 0.57072128]]

data2 = [[0.67141938 0.01472136 0.30555008 0.57047459 0.6615872  0.52196238]
 [0.47244782 0.01472136 0.44760344 0.43520376 0.53272164 0.56215305]
 [0.4650068  0.16378391 0.52970157 0.50279479 0.55102689 0.53992752]
 [0.39973155 0.409806   0.54337451 0.47836473 0.56950032 0.53563733]
 [0.27680354 0.49185329 0.46908085 0.46760556 0.56748198 0.55536026]
 [0.19343996 0.43645639 0.5021137  0.47405041 0.49911064 0.60386317]
 [0.23681564 0.22319333 0.41033561 0.50093058 0.43558892 0.63970407]
 [0.2343958  0.01472136 0.15998773 0.55570292 0.4306552  0.6113114 ]
 [0.59803765 0.01472136 0.20251904 0.49219519 0.43979386 0.69622093]
 [0.72864865 0.21888135 0.37808925 0.48049504 0.37929966 0.6549577 ]
 [0.74443813 0.36902191 0.55069498 0.52262624 0.35953674 0.5507718 ]
 [0.79646474 0.56970838 0.54397951 0.51776154 0.39110136 0.50203055]
 [0.79210904 0.62049386 0.53877653 0.4638414  0.49933496 0.54043365]
 [0.71195173 0.26816964 0.50749817 0.48083237 0.60019601 0.55997781]
 [0.56839458 0.09113911 0.32140101 0.5258753  0.66598836 0.54201267]
 [0.47486766 0.01472136 0.28528267 0.43110228 0.62951804 0.55640266]
 [0.39525484 0.10377558 0.35727735 0.42210079 0.59032856 0.5739805 ]
 [0.41915078 0.27439802 0.38740621 0.49317168 0.56095046 0.54427694]
 [0.35623487 0.43388119 0.42237506 0.50318517 0.55024204 0.55103993]
 [0.21261722 0.44561934 0.49176824 0.49579969 0.51993877 0.56692014]
 [0.22471642 0.30056932 0.4352615  0.49800124 0.45535182 0.57472589]
 [0.24897535 0.09461268 0.21746248 0.55261379 0.42729126 0.62287128]
 [0.47704552 0.01472136 0.12132843 0.50183619 0.45268873 0.63279232]
 [0.5942264  0.07197477 0.21921698 0.47209756 0.41837691 0.64336881]
 [0.68678538 0.34027541 0.43913348 0.53395391 0.35067835 0.57034632]
 [0.74274424 0.50323211 0.4784583  0.5302965  0.33929714 0.50498061]
 [0.8186063  0.67535176 0.65493601 0.47573721 0.41478874 0.4927953 ]
 [0.7355452  0.64822224 0.65886849 0.39182988 0.53137605 0.52610381]
 [0.74576904 0.28421974 0.20124855 0.44782728 0.66929611 0.64164083]
 [0.62132864 0.01472136 0.00542607 0.48630108 0.7255574  0.57442796]
 [0.48938671 0.07982021 0.26858476 0.46966508 0.49627935 0.57031634]
 [0.44365169 0.27020584 0.29786662 0.52030065 0.51323903 0.53405834]
 [0.41691243 0.3753102  0.49207074 0.50572428 0.54528022 0.55887586]
 [0.23560572 0.45124886 0.50731667 0.4638949  0.56072614 0.58938383]
 [0.17256881 0.2818841  0.4123926  0.47440551 0.48663616 0.60410154]
 [0.27262929 0.17037165 0.2772967  0.53940439 0.41795646 0.62394363]
 [0.38890275 0.01472136 0.00542607 0.55105128 0.38555085 0.61003033]
 [0.55792876 0.04652217 0.13209735 0.50069979 0.38330825 0.65576249]
 [0.65671884 0.29733532 0.33380346 0.51271952 0.36152699 0.601301  ]
 [0.73766259 0.4813728  0.45401641 0.49958126 0.38384087 0.53864645]
 [0.74528508 0.55856911 0.53163756 0.48120545 0.41226586 0.48895182]
 [0.76827357 0.56617496 0.52982257 0.48296327 0.49162592 0.51773202]
 [0.74298622 0.36824336 0.48753326 0.48889324 0.5740696  0.55640326]
 [0.74734195 0.01472136 0.17916614 0.50212028 0.65665343 0.539749  ]
 [0.57456518 0.01472136 0.19882854 0.45249671 0.55127915 0.53861687]
 [0.4418973  0.03843719 0.37554827 0.48633661 0.54592493 0.52023463]
 [0.39277449 0.25912645 0.4352615  0.48718882 0.56840702 0.55461568]
 [0.2436517  0.44735611 0.43913348 0.48282124 0.56964045 0.5840809 ]
 [0.16101405 0.48430733 0.51929562 0.48990524 0.51351932 0.61688293]
 [0.24758393 0.38926423 0.50380769 0.51153011 0.44060671 0.61584017]
 [0.1374206  0.01472136 0.11437094 0.53503694 0.4127704  0.61575079]
 [0.41431109 0.01472136 0.06457969 0.51529405 0.3685631  0.6798354 ]
 [0.62223608 0.01472136 0.20052257 0.5378065  0.36127469 0.65218734]
 [0.79610177 0.35674477 0.45292742 0.50265277 0.40573427 0.5932867 ]
 [0.81158877 0.49107474 0.57598387 0.50055775 0.45282893 0.51928104]
